OUTPUT:


List of countries: 

St. Kitts and Nevis	0.0	0.0	0.0	0.0	0.0	0.0	0.0	0.0	0.0	0.0	0.0	0.0	0.0	0.0	0.0	0.0	0.0	0.0	0.0	0.0	0.0	0.0	0.0	0.0	0.0	0.0	0.0	0.0	0.0	0.0	0.0	0.0	0.0	0.0	0.0	0.0	0.691387615	0.467129999	0.991191908	1.557701722	2.634814685	4.544077552	10.65325777	46.14190734	59.89136945	103.7872159	102.3623628	127.7784381	145.7640383	145.9473043	152.8117359	154.8016839	156.7632129

Burundi	0.0	0.0	0.0	0.0	0.0	0.0	0.0	0.0	0.0	0.0	0.0	0.0	0.0	0.0	0.0	0.0	0.0	0.0	0.0	0.0	0.0	0.0	0.0	0.0	0.0	0.0	0.0	0.0	0.0	0.0	0.0	0.0	0.0	0.005879704	0.006184101	0.009082238	0.008912568	0.009718077	0.009615874	0.012222561	0.244520537	0.488582584	0.738874924	0.881016032	1.338877194	1.969012632	2.486764507	3.241953471	5.572453585	10.31456575	18.1747416	20.06827414	22.81446021

Peru	0.0	0.0	0.0	0.0	0.0	0.0	0.0	0.0	0.0	0.0	0.0	0.0	0.0	0.0	0.0	0.0	0.0	0.0	0.0	0.0	0.0	0.0	0.0	0.0	0.0	0.0	0.0	0.0	0.0	0.0	0.007578529	0.025660234	0.095145118	0.157267207	0.222020353	0.307206643	0.824805564	1.701558964	2.946195071	3.956483268	4.899434925	6.799862189	8.630568103	10.82372419	14.93424737	20.13959315	32.53576937	54.42326978	73.19257415	85.36705031	99.49532906	109.6118145	98.00011004

OECD members	0.0	0.0	0.0	0.0	0.0	0.0	0.0	0.0	0.0	0.0	0.0	0.0	0.0	0.0	0.0	0.0	0.0	0.0	0.0	0.0	0.0	0.008378658	0.012966865	0.019832602	0.033740626	0.077886875	0.135920384	0.235379724	0.396543409	0.663586905	0.990565695	1.406749909	1.956304983	2.785956517	4.396188681	6.951194573	10.85181241	15.30558326	21.90802176	32.24168477	45.2999044	53.67580396	58.71869041	64.34547125	71.44282989	78.74653668	86.18371295	94.10815207	98.32717624	100.3159059	101.82408	105.4094557	107.7066755



Original list of countries: 

St. Kitts and Nevis	0.0	0.0	0.0	0.0	0.0	0.0	0.0	0.0	0.0	0.0	0.0	0.0	0.0	0.0	0.0	0.0	0.0	0.0	0.0	0.0	0.0	0.0	0.0	0.0	0.0	0.0	0.0	0.0	0.0	0.0	0.0	0.0	0.0	0.0	0.0	0.0	0.691387615	0.467129999	0.991191908	1.557701722	2.634814685	4.544077552	10.65325777	46.14190734	59.89136945	103.7872159	102.3623628	127.7784381	145.7640383	145.9473043	152.8117359	154.8016839	156.7632129

Burundi	0.0	0.0	0.0	0.0	0.0	0.0	0.0	0.0	0.0	0.0	0.0	0.0	0.0	0.0	0.0	0.0	0.0	0.0	0.0	0.0	0.0	0.0	0.0	0.0	0.0	0.0	0.0	0.0	0.0	0.0	0.0	0.0	0.0	0.005879704	0.006184101	0.009082238	0.008912568	0.009718077	0.009615874	0.012222561	0.244520537	0.488582584	0.738874924	0.881016032	1.338877194	1.969012632	2.486764507	3.241953471	5.572453585	10.31456575	18.1747416	20.06827414	22.81446021

Peru	0.0	0.0	0.0	0.0	0.0	0.0	0.0	0.0	0.0	0.0	0.0	0.0	0.0	0.0	0.0	0.0	0.0	0.0	0.0	0.0	0.0	0.0	0.0	0.0	0.0	0.0	0.0	0.0	0.0	0.0	0.007578529	0.025660234	0.095145118	0.157267207	0.222020353	0.307206643	0.824805564	1.701558964	2.946195071	3.956483268	4.899434925	6.799862189	8.630568103	10.82372419	14.93424737	20.13959315	32.53576937	54.42326978	73.19257415	85.36705031	99.49532906	109.6118145	98.00011004

OECD members	0.0	0.0	0.0	0.0	0.0	0.0	0.0	0.0	0.0	0.0	0.0	0.0	0.0	0.0	0.0	0.0	0.0	0.0	0.0	0.0	0.0	0.008378658	0.012966865	0.019832602	0.033740626	0.077886875	0.135920384	0.235379724	0.396543409	0.663586905	0.990565695	1.406749909	1.956304983	2.785956517	4.396188681	6.951194573	10.85181241	15.30558326	21.90802176	32.24168477	45.2999044	53.67580396	58.71869041	64.34547125	71.44282989	78.74653668	86.18371295	94.10815207	98.32717624	100.3159059	101.82408	105.4094557	107.7066755



Modified cloned list of countries: 

St. Kitts and Nevis	0.0	0.0	0.0	0.0	0.0	0.0	0.0	0.0	0.0	0.0	0.0	0.0	0.0	0.0	0.0	0.0	0.0	0.0	0.0	0.0	0.0	0.0	0.0	0.0	0.0	0.0	0.0	0.0	0.0	0.0	0.0	0.0	0.0	0.0	0.0	0.0	0.691387615	0.467129999	0.991191908	1.557701722	2.634814685	4.544077552	10.65325777	46.14190734	59.89136945	103.7872159	102.3623628	127.7784381	145.7640383	145.9473043	152.8117359	154.8016839	156.7632129



Original list of countries Test Case: 

St. Kitts and Nevis	0.0	0.0	0.0	0.0	0.0	0.0	0.0	0.0	0.0	0.0	0.0	0.0	0.0	0.0	0.0	0.0	0.0	0.0	0.0	0.0	0.0	0.0	0.0	0.0	0.0	0.0	0.0	0.0	0.0	0.0	0.0	0.0	0.0	0.0	0.0	0.0	0.691387615	0.467129999	0.991191908	1.557701722	2.634814685	4.544077552	10.65325777	46.14190734	59.89136945	103.7872159	102.3623628	127.7784381	145.7640383	145.9473043	152.8117359	154.8016839	156.7632129

Burundi	0.0	0.0	0.0	0.0	0.0	0.0	0.0	0.0	0.0	0.0	0.0	0.0	0.0	0.0	0.0	0.0	0.0	0.0	0.0	0.0	0.0	0.0	0.0	0.0	0.0	0.0	0.0	0.0	0.0	0.0	0.0	0.0	0.0	0.005879704	0.006184101	0.009082238	0.008912568	0.009718077	0.009615874	0.012222561	0.244520537	0.488582584	0.738874924	0.881016032	1.338877194	1.969012632	2.486764507	3.241953471	5.572453585	10.31456575	18.1747416	20.06827414	22.81446021

Peru	0.0	0.0	0.0	0.0	0.0	0.0	0.0	0.0	0.0	0.0	0.0	0.0	0.0	0.0	0.0	0.0	0.0	0.0	0.0	0.0	0.0	0.0	0.0	0.0	0.0	0.0	0.0	0.0	0.0	0.0	0.007578529	0.025660234	0.095145118	0.157267207	0.222020353	0.307206643	0.824805564	1.701558964	2.946195071	3.956483268	4.899434925	6.799862189	8.630568103	10.82372419	14.93424737	20.13959315	32.53576937	54.42326978	73.19257415	85.36705031	99.49532906	109.6118145	98.00011004

OECD members	0.0	0.0	0.0	0.0	0.0	0.0	0.0	0.0	0.0	0.0	0.0	0.0	0.0	0.0	0.0	0.0	0.0	0.0	0.0	0.0	0.0	0.008378658	0.012966865	0.019832602	0.033740626	0.077886875	0.135920384	0.235379724	0.396543409	0.663586905	0.990565695	1.406749909	1.956304983	2.785956517	4.396188681	6.951194573	10.85181241	15.30558326	21.90802176	32.24168477	45.2999044	53.67580396	58.71869041	64.34547125	71.44282989	78.74653668	86.18371295	94.10815207	98.32717624	100.3159059	101.82408	105.4094557	107.7066755



Modified cloned list of countries Test Case: 

St. Kitts and Nevis	0.0	0.0	0.0	0.0	0.0	0.0	0.0	0.0	0.0	0.0	0.0	0.0	0.0	0.0	0.0	0.0	0.0	0.0	0.0	0.0	0.0	0.0	0.0	0.0	0.0	0.0	0.0	0.0	0.0	0.0	0.0	0.0	0.0	0.0	0.0	0.0	0.691387615	0.467129999	0.991191908	1.557701722	2.634814685	4.544077552	10.65325777	46.14190734	59.89136945	103.7872159	102.3623628	127.7784381	145.7640383	145.9473043	152.8117359	154.8016839	156.7632129


Done with TestCloneableCountryList.